filename
eeg/sub-28_ses-OC_task-resting_run-1_eeg.vhdr
eeg/sub-28_ses-OC_task-resting_run-2_eeg.vhdr
